1.0 -1.0
2.0 -1.0
3.0 -1.0
4.0 -0.5
5.0 -0.6
6.0 -0.3333333333333333
7.0 -0.2857142857142857
8.0 -0.125
9.0 -0.2222222222222222
10.0 -0.2
11.0 -0.2727272727272727
12.0 -0.3333333333333333
13.0 -0.38461538461538464
14.0 -0.42857142857142855
15.0 -0.4
16.0 -0.4375
17.0 -0.35294117647058826
18.0 -0.3333333333333333
19.0 -0.3684210526315789
20.0 -0.4
21.0 -0.3333333333333333
22.0 -0.36363636363636365
23.0 -0.391304347826087
24.0 -0.4166666666666667
25.0 -0.36
26.0 -0.38461538461538464
27.0 -0.4074074074074074
28.0 -0.42857142857142855
29.0 -0.3793103448275862
30.0 -0.4
31.0 -0.41935483870967744
32.0 -0.375
33.0 -0.3333333333333333
34.0 -0.35294117647058826
35.0 -0.37142857142857144
36.0 -0.3888888888888889
37.0 -0.35135135135135137
38.0 -0.3684210526315789
39.0 -0.38461538461538464
40.0 -0.4
41.0 -0.36585365853658536
42.0 -0.38095238095238093
43.0 -0.3488372093023256
44.0 -0.36363636363636365
45.0 -0.3333333333333333
46.0 -0.34782608695652173
47.0 -0.3617021276595745
48.0 -0.375
49.0 -0.3469387755102041
50.0 -0.32
51.0 -0.29411764705882354
52.0 -0.3076923076923077
53.0 -0.2830188679245283
54.0 -0.2962962962962963
55.0 -0.3090909090909091
56.0 -0.30357142857142855
57.0 -0.3157894736842105
58.0 -0.3275862068965517
59.0 -0.3050847457627119
60.0 -0.2833333333333333
61.0 -0.26229508196721313
62.0 -0.24193548387096775
63.0 -0.25396825396825395
64.0 -0.265625
65.0 -0.24615384615384617
66.0 -0.24242424242424243
67.0 -0.2537313432835821
68.0 -0.2647058823529412
69.0 -0.2753623188405797
70.0 -0.2857142857142857
71.0 -0.2676056338028169
72.0 -0.2777777777777778
73.0 -0.2876712328767123
74.0 -0.2972972972972973
75.0 -0.30666666666666664
76.0 -0.2894736842105263
77.0 -0.2727272727272727
78.0 -0.2564102564102564
79.0 -0.24050632911392406
80.0 -0.25
81.0 -0.25925925925925924
82.0 -0.2682926829268293
83.0 -0.27710843373493976
84.0 -0.2857142857142857
85.0 -0.29411764705882354
86.0 -0.3023255813953488
87.0 -0.28735632183908044
88.0 -0.29545454545454547
89.0 -0.2808988764044944
90.0 -0.26666666666666666
91.0 -0.25274725274725274
92.0 -0.2391304347826087
93.0 -0.22580645161290322
94.0 -0.2127659574468085
95.0 -0.22105263157894736
96.0 -0.22916666666666666
97.0 -0.21649484536082475
98.0 -0.22448979591836735
99.0 -0.23232323232323232
100.0 -0.24
101.0 -0.24752475247524752
102.0 -0.23529411764705882
103.0 -0.22330097087378642
104.0 -0.23076923076923078
105.0 -0.23809523809523808
106.0 -0.22641509433962265
107.0 -0.21495327102803738
108.0 -0.2222222222222222
109.0 -0.21100917431192662
110.0 -0.2
111.0 -0.2072072072072072
112.0 -0.21428571428571427
113.0 -0.22123893805309736
114.0 -0.21052631578947367
115.0 -0.21739130434782608
116.0 -0.20689655172413793
117.0 -0.21367521367521367
118.0 -0.211864406779661
119.0 -0.2184873949579832
120.0 -0.225
121.0 -0.21487603305785125
122.0 -0.22131147540983606
123.0 -0.22764227642276422
124.0 -0.23387096774193547
125.0 -0.24
126.0 -0.23015873015873015
127.0 -0.2204724409448819
128.0 -0.21875
129.0 -0.2248062015503876
130.0 -0.23076923076923078
131.0 -0.22137404580152673
132.0 -0.22727272727272727
133.0 -0.23308270676691728
134.0 -0.23880597014925373
135.0 -0.24444444444444444
136.0 -0.25
137.0 -0.24087591240875914
138.0 -0.2318840579710145
139.0 -0.22302158273381295
140.0 -0.21428571428571427
141.0 -0.20567375886524822
142.0 -0.2112676056338028
143.0 -0.21678321678321677
144.0 -0.2222222222222222
145.0 -0.21379310344827587
146.0 -0.21232876712328766
147.0 -0.21768707482993196
148.0 -0.20945945945945946
149.0 -0.20134228187919462
150.0 -0.19333333333333333
151.0 -0.18543046357615894
152.0 -0.17763157894736842
153.0 -0.16993464052287582
154.0 -0.16233766233766234
155.0 -0.15483870967741936
156.0 -0.14743589743589744
157.0 -0.14012738853503184
158.0 -0.14556962025316456
159.0 -0.1509433962264151
160.0 -0.15625
161.0 -0.14906832298136646
162.0 -0.15432098765432098
163.0 -0.15950920245398773
164.0 -0.1524390243902439
165.0 -0.14545454545454545
166.0 -0.15060240963855423
167.0 -0.1437125748502994
168.0 -0.13690476190476192
169.0 -0.1301775147928994
170.0 -0.12352941176470589
171.0 -0.1286549707602339
172.0 -0.13372093023255813
173.0 -0.13872832369942195
174.0 -0.13793103448275862
175.0 -0.13142857142857142
176.0 -0.13068181818181818
177.0 -0.12429378531073447
178.0 -0.12921348314606743
179.0 -0.12290502793296089
180.0 -0.12777777777777777
181.0 -0.12154696132596685
182.0 -0.12637362637362637
183.0 -0.13114754098360656
184.0 -0.125
185.0 -0.12432432432432433
186.0 -0.11827956989247312
187.0 -0.11229946524064172
188.0 -0.11170212765957446
189.0 -0.10582010582010581
190.0 -0.11052631578947368
191.0 -0.11518324607329843
192.0 -0.109375
193.0 -0.11398963730569948
194.0 -0.11855670103092783
195.0 -0.12307692307692308
196.0 -0.12755102040816327
197.0 -0.1218274111675127
198.0 -0.12626262626262627
199.0 -0.1306532663316583
200.0 -0.135
201.0 -0.13930348258706468
202.0 -0.13861386138613863
203.0 -0.14285714285714285
204.0 -0.14705882352941177
205.0 -0.14146341463414633
206.0 -0.14563106796116504
207.0 -0.14009661835748793
208.0 -0.14423076923076922
209.0 -0.13875598086124402
210.0 -0.14285714285714285
211.0 -0.13744075829383887
212.0 -0.14150943396226415
213.0 -0.13615023474178403
214.0 -0.14018691588785046
215.0 -0.14418604651162792
216.0 -0.14814814814814814
217.0 -0.15207373271889402
218.0 -0.1559633027522936
219.0 -0.1598173515981735
220.0 -0.15454545454545454
221.0 -0.1583710407239819
222.0 -0.15765765765765766
223.0 -0.15695067264573992
224.0 -0.15178571428571427
225.0 -0.15555555555555556
226.0 -0.1592920353982301
227.0 -0.16299559471365638
228.0 -0.16666666666666666
229.0 -0.1703056768558952
230.0 -0.17391304347826086
231.0 -0.1774891774891775
232.0 -0.1810344827586207
233.0 -0.18454935622317598
234.0 -0.18376068376068377
235.0 -0.17872340425531916
236.0 -0.17372881355932204
237.0 -0.17721518987341772
238.0 -0.1722689075630252
239.0 -0.17573221757322174
240.0 -0.17083333333333334
241.0 -0.17427385892116182
242.0 -0.17768595041322313
243.0 -0.18106995884773663
244.0 -0.1762295081967213
245.0 -0.17959183673469387
246.0 -0.17479674796747968
247.0 -0.1700404858299595
248.0 -0.17338709677419356
249.0 -0.17269076305220885
250.0 -0.176
251.0 -0.17131474103585656
252.0 -0.16666666666666666
253.0 -0.16996047430830039
254.0 -0.16535433070866143
255.0 -0.1607843137254902
256.0 -0.1640625
257.0 -0.16342412451361868
258.0 -0.16279069767441862
259.0 -0.16602316602316602
260.0 -0.16923076923076924
261.0 -0.1724137931034483
262.0 -0.17557251908396945
263.0 -0.17870722433460076
264.0 -0.18181818181818182
265.0 -0.17735849056603772
266.0 -0.18045112781954886
267.0 -0.1760299625468165
268.0 -0.17537313432835822
269.0 -0.17472118959107807
270.0 -0.17777777777777778
271.0 -0.18081180811808117
272.0 -0.17647058823529413
273.0 -0.17216117216117216
274.0 -0.17518248175182483
275.0 -0.1781818181818182
276.0 -0.18115942028985507
277.0 -0.17689530685920576
278.0 -0.17625899280575538
279.0 -0.17921146953405018
280.0 -0.175
281.0 -0.1708185053380783
282.0 -0.17375886524822695
283.0 -0.1696113074204947
284.0 -0.16549295774647887
285.0 -0.16140350877192983
286.0 -0.16433566433566432
287.0 -0.1672473867595819
288.0 -0.16319444444444445
289.0 -0.16608996539792387
290.0 -0.16206896551724137
291.0 -0.16494845360824742
292.0 -0.16095890410958905
293.0 -0.16382252559726962
294.0 -0.16666666666666666
295.0 -0.16271186440677965
296.0 -0.15878378378378377
297.0 -0.15488215488215487
298.0 -0.15771812080536912
299.0 -0.15384615384615385
300.0 -0.15
301.0 -0.15282392026578073
302.0 -0.1490066225165563
303.0 -0.14521452145214522
304.0 -0.14802631578947367
305.0 -0.14426229508196722
306.0 -0.14705882352941177
307.0 -0.14332247557003258
308.0 -0.14285714285714285
309.0 -0.13915857605177995
310.0 -0.13548387096774195
311.0 -0.1382636655948553
312.0 -0.14102564102564102
313.0 -0.13738019169329074
314.0 -0.14012738853503184
315.0 -0.1365079365079365
316.0 -0.13924050632911392
317.0 -0.14195583596214512
318.0 -0.14150943396226415
319.0 -0.13793103448275862
320.0 -0.140625
321.0 -0.13707165109034267
322.0 -0.13354037267080746
323.0 -0.13003095975232198
324.0 -0.13271604938271606
325.0 -0.12923076923076923
326.0 -0.13190184049079753
327.0 -0.12844036697247707
328.0 -0.13109756097560976
329.0 -0.1276595744680851
330.0 -0.1303030303030303
331.0 -0.13293051359516617
332.0 -0.12951807228915663
333.0 -0.12612612612612611
334.0 -0.12574850299401197
335.0 -0.12835820895522387
336.0 -0.125
337.0 -0.12759643916913946
338.0 -0.12721893491124261
339.0 -0.12389380530973451
340.0 -0.1264705882352941
341.0 -0.12316715542521994
342.0 -0.12573099415204678
343.0 -0.12244897959183673
344.0 -0.125
345.0 -0.12753623188405797
346.0 -0.12716763005780346
347.0 -0.12968299711815562
348.0 -0.12643678160919541
349.0 -0.12893982808022922
350.0 -0.12571428571428572
351.0 -0.1225071225071225
352.0 -0.12215909090909091
353.0 -0.12464589235127478
354.0 -0.1271186440677966
355.0 -0.1295774647887324
356.0 -0.13202247191011235
357.0 -0.13445378151260504
358.0 -0.13128491620111732
359.0 -0.13370473537604458
360.0 -0.1361111111111111
361.0 -0.13850415512465375
362.0 -0.13535911602209943
363.0 -0.13774104683195593
364.0 -0.1346153846153846
365.0 -0.136986301369863
366.0 -0.13934426229508196
367.0 -0.1362397820163488
368.0 -0.13858695652173914
369.0 -0.13550135501355012
370.0 -0.13783783783783785
371.0 -0.14016172506738545
372.0 -0.13709677419354838
373.0 -0.13941018766756033
374.0 -0.13636363636363635
375.0 -0.13333333333333333
376.0 -0.13031914893617022
377.0 -0.13262599469496023
378.0 -0.13227513227513227
379.0 -0.1345646437994723
380.0 -0.13157894736842105
381.0 -0.13385826771653545
382.0 -0.13612565445026178
383.0 -0.13577023498694518
384.0 -0.1328125
385.0 -0.13246753246753246
386.0 -0.12953367875647667
387.0 -0.12661498708010335
388.0 -0.12371134020618557
389.0 -0.12596401028277635
390.0 -0.12307692307692308
391.0 -0.12020460358056266
392.0 -0.12244897959183673
393.0 -0.11959287531806616
394.0 -0.1218274111675127
395.0 -0.1189873417721519
396.0 -0.12121212121212122
397.0 -0.12342569269521411
398.0 -0.12562814070351758
399.0 -0.12781954887218044
400.0 -0.13
401.0 -0.12718204488778054
402.0 -0.12935323383084577
403.0 -0.12655086848635236
404.0 -0.12376237623762376
405.0 -0.1259259259259259
406.0 -0.12807881773399016
407.0 -0.12530712530712532
408.0 -0.12254901960784313
409.0 -0.12469437652811736
410.0 -0.12682926829268293
411.0 -0.12895377128953772
412.0 -0.1262135922330097
413.0 -0.12832929782082325
414.0 -0.12560386473429952
415.0 -0.12771084337349398
416.0 -0.12980769230769232
417.0 -0.13189448441247004
418.0 -0.1339712918660287
419.0 -0.1360381861575179
420.0 -0.13333333333333333
421.0 -0.13064133016627077
422.0 -0.13270142180094788
423.0 -0.1347517730496454
424.0 -0.13679245283018868
425.0 -0.1388235294117647
426.0 -0.13615023474178403
427.0 -0.13817330210772832
428.0 -0.13551401869158877
429.0 -0.13752913752913754
430.0 -0.13488372093023257
431.0 -0.1368909512761021
432.0 -0.13425925925925927
433.0 -0.13625866050808313
434.0 -0.1336405529953917
435.0 -0.135632183908046
436.0 -0.13302752293577982
437.0 -0.13501144164759726
438.0 -0.136986301369863
439.0 -0.13895216400911162
440.0 -0.1409090909090909
441.0 -0.1383219954648526
442.0 -0.14027149321266968
443.0 -0.14221218961625282
444.0 -0.13963963963963963
445.0 -0.13707865168539327
446.0 -0.13452914798206278
447.0 -0.1319910514541387
448.0 -0.13392857142857142
449.0 -0.133630289532294
450.0 -0.13111111111111112
451.0 -0.1286031042128603
452.0 -0.13053097345132744
453.0 -0.13245033112582782
454.0 -0.1343612334801762
455.0 -0.13626373626373625
456.0 -0.1337719298245614
457.0 -0.13566739606126915
458.0 -0.1331877729257642
459.0 -0.1328976034858388
460.0 -0.13478260869565217
461.0 -0.13665943600867678
462.0 -0.13852813852813853
463.0 -0.13606911447084233
464.0 -0.1336206896551724
465.0 -0.13548387096774195
466.0 -0.13733905579399142
467.0 -0.139186295503212
468.0 -0.14102564102564102
469.0 -0.14285714285714285
470.0 -0.14468085106382977
471.0 -0.1464968152866242
472.0 -0.1483050847457627
473.0 -0.14587737843551796
474.0 -0.14767932489451477
475.0 -0.14526315789473684
476.0 -0.14495798319327732
477.0 -0.14675052410901468
478.0 -0.14435146443514643
479.0 -0.1419624217118998
480.0 -0.13958333333333334
481.0 -0.13721413721413722
482.0 -0.13485477178423236
483.0 -0.13664596273291926
484.0 -0.1384297520661157
485.0 -0.13814432989690723
486.0 -0.13991769547325103
487.0 -0.14168377823408623
488.0 -0.13934426229508196
489.0 -0.1411042944785276
490.0 -0.14285714285714285
491.0 -0.14052953156822812
492.0 -0.14227642276422764
493.0 -0.13995943204868155
494.0 -0.1417004048582996
495.0 -0.14343434343434344
496.0 -0.14112903225806453
497.0 -0.13883299798792756
498.0 -0.13654618473895583
499.0 -0.1342685370741483
500.0 -0.132
501.0 -0.12974051896207583
502.0 -0.13147410358565736
503.0 -0.12922465208747516
504.0 -0.12698412698412698
505.0 -0.12871287128712872
506.0 -0.13043478260869565
507.0 -0.13214990138067062
508.0 -0.13385826771653545
509.0 -0.13555992141453832
510.0 -0.13333333333333333
511.0 -0.13111545988258316
512.0 -0.1328125
513.0 -0.13060428849902533
514.0 -0.13229571984435798
515.0 -0.13398058252427184
516.0 -0.13565891472868216
517.0 -0.13346228239845262
518.0 -0.13513513513513514
519.0 -0.13680154142581888
520.0 -0.13846153846153847
521.0 -0.1362763915547025
522.0 -0.13793103448275862
523.0 -0.13957934990439771
524.0 -0.14122137404580154
525.0 -0.14285714285714285
526.0 -0.1444866920152091
527.0 -0.1461100569259962
528.0 -0.14772727272727273
529.0 -0.14933837429111532
530.0 -0.1509433962264151
531.0 -0.1487758945386064
532.0 -0.15037593984962405
533.0 -0.14821763602251406
534.0 -0.14606741573033707
535.0 -0.14766355140186915
536.0 -0.14925373134328357
537.0 -0.14711359404096835
538.0 -0.1449814126394052
539.0 -0.14656771799628943
540.0 -0.14814814814814814
541.0 -0.1478743068391867
542.0 -0.14575645756457564
543.0 -0.143646408839779
544.0 -0.14154411764705882
545.0 -0.14128440366972478
546.0 -0.14285714285714285
547.0 -0.14076782449725778
548.0 -0.1386861313868613
549.0 -0.1366120218579235
550.0 -0.13818181818181818
551.0 -0.1397459165154265
552.0 -0.14130434782608695
553.0 -0.14285714285714285
554.0 -0.1444043321299639
555.0 -0.14594594594594595
556.0 -0.1474820143884892
557.0 -0.1490125673249551
558.0 -0.15053763440860216
559.0 -0.148479427549195
560.0 -0.15
561.0 -0.15151515151515152
562.0 -0.1494661921708185
563.0 -0.14742451154529307
564.0 -0.14893617021276595
565.0 -0.1504424778761062
566.0 -0.1519434628975265
567.0 -0.14991181657848324
568.0 -0.14788732394366197
569.0 -0.14938488576449913
570.0 -0.14912280701754385
571.0 -0.14711033274956217
572.0 -0.1486013986013986
573.0 -0.14659685863874344
574.0 -0.1445993031358885
575.0 -0.14608695652173914
576.0 -0.14756944444444445
577.0 -0.14558058925476602
578.0 -0.14359861591695502
579.0 -0.14507772020725387
580.0 -0.14655172413793102
581.0 -0.14457831325301204
582.0 -0.14604810996563575
583.0 -0.14751286449399656
584.0 -0.14897260273972604
585.0 -0.15042735042735042
586.0 -0.15187713310580206
587.0 -0.15332197614991483
588.0 -0.15306122448979592
589.0 -0.15449915110356535
590.0 -0.15593220338983052
591.0 -0.15397631133671744
592.0 -0.15202702702702703
593.0 -0.15345699831365936
594.0 -0.15488215488215487
595.0 -0.15630252100840336
596.0 -0.15771812080536912
597.0 -0.15577889447236182
598.0 -0.15384615384615385
599.0 -0.15525876460767946
600.0 -0.15666666666666668
601.0 -0.15640599001663893
602.0 -0.15448504983388706
603.0 -0.15257048092868988
604.0 -0.15066225165562913
605.0 -0.1487603305785124
606.0 -0.15016501650165018
607.0 -0.14827018121911037
608.0 -0.14967105263157895
609.0 -0.1510673234811166
610.0 -0.14918032786885246
611.0 -0.14729950900163666
612.0 -0.14705882352941177
613.0 -0.14518760195758565
614.0 -0.14332247557003258
615.0 -0.14146341463414633
616.0 -0.1396103896103896
617.0 -0.13776337115072934
618.0 -0.13592233009708737
619.0 -0.13731825525040386
620.0 -0.13870967741935483
621.0 -0.13687600644122383
622.0 -0.13504823151125403
623.0 -0.13643659711075443
624.0 -0.13782051282051283
625.0 -0.136
626.0 -0.13738019169329074
627.0 -0.13556618819776714
628.0 -0.13694267515923567
629.0 -0.1383147853736089
630.0 -0.1365079365079365
631.0 -0.13787638668779714
632.0 -0.1360759493670886
633.0 -0.13744075829383887
634.0 -0.138801261829653
635.0 -0.13858267716535433
636.0 -0.139937106918239
637.0 -0.141287284144427
638.0 -0.1426332288401254
639.0 -0.14084507042253522
640.0 -0.1390625
641.0 -0.1372854914196568
642.0 -0.13862928348909656
643.0 -0.13996889580093314
644.0 -0.13819875776397517
645.0 -0.13953488372093023
646.0 -0.14086687306501547
647.0 -0.14219474497681608
648.0 -0.1404320987654321
649.0 -0.14021571648690292
650.0 -0.14153846153846153
651.0 -0.13978494623655913
652.0 -0.13957055214723926
653.0 -0.14088820826952528
654.0 -0.14067278287461774
655.0 -0.14198473282442747
656.0 -0.14329268292682926
657.0 -0.1415525114155251
658.0 -0.1398176291793313
659.0 -0.1411229135053111
660.0 -0.1393939393939394
661.0 -0.14069591527987896
662.0 -0.13897280966767372
663.0 -0.14027149321266968
664.0 -0.13855421686746988
665.0 -0.13984962406015036
666.0 -0.13813813813813813
667.0 -0.13793103448275862
668.0 -0.13922155688622753
669.0 -0.14050822122571002
670.0 -0.1417910447761194
671.0 -0.14008941877794337
672.0 -0.13839285714285715
673.0 -0.13670133729569092
674.0 -0.13798219584569732
675.0 -0.13925925925925925
676.0 -0.14053254437869822
677.0 -0.13884785819793205
678.0 -0.140117994100295
679.0 -0.14138438880706922
680.0 -0.13970588235294118
681.0 -0.13803230543318648
682.0 -0.13636363636363635
683.0 -0.1376281112737921
684.0 -0.13596491228070176
685.0 -0.13722627737226278
686.0 -0.13848396501457727
687.0 -0.13682678311499272
688.0 -0.1380813953488372
689.0 -0.13642960812772134
690.0 -0.13478260869565217
691.0 -0.13603473227206947
692.0 -0.13728323699421965
693.0 -0.13564213564213565
694.0 -0.1340057636887608
695.0 -0.13381294964028778
696.0 -0.13505747126436782
697.0 -0.13629842180774748
698.0 -0.1361031518624642
699.0 -0.13733905579399142
700.0 -0.13857142857142857
701.0 -0.1369472182596291
702.0 -0.13532763532763534
703.0 -0.13655761024182078
704.0 -0.13636363636363635
705.0 -0.1347517730496454
706.0 -0.13314447592067988
707.0 -0.13154172560113153
708.0 -0.1327683615819209
709.0 -0.13399153737658676
710.0 -0.1352112676056338
711.0 -0.13361462728551335
712.0 -0.13342696629213482
713.0 -0.13464235624123422
714.0 -0.13585434173669467
715.0 -0.13706293706293707
716.0 -0.138268156424581
717.0 -0.13807531380753138
718.0 -0.13788300835654596
719.0 -0.13908205841446453
720.0 -0.14027777777777778
721.0 -0.13869625520110956
722.0 -0.13988919667590027
723.0 -0.14107883817427386
724.0 -0.14226519337016574
725.0 -0.1406896551724138
726.0 -0.13911845730027547
727.0 -0.14030261348005502
728.0 -0.14148351648351648
729.0 -0.13991769547325103
730.0 -0.1410958904109589
731.0 -0.14227086183310533
732.0 -0.14207650273224043
733.0 -0.14051841746248295
734.0 -0.13896457765667575
735.0 -0.13741496598639455
736.0 -0.1358695652173913
737.0 -0.13432835820895522
738.0 -0.13279132791327913
739.0 -0.13125845737483086
740.0 -0.13243243243243244
741.0 -0.13090418353576247
742.0 -0.1320754716981132
743.0 -0.13324360699865412
744.0 -0.13440860215053763
745.0 -0.13288590604026845
746.0 -0.13404825737265416
747.0 -0.13520749665327977
748.0 -0.13368983957219252
749.0 -0.1348464619492657
750.0 -0.13466666666666666
751.0 -0.13315579227696406
752.0 -0.13430851063829788
753.0 -0.13280212483399734
754.0 -0.13395225464190982
755.0 -0.13245033112582782
756.0 -0.1335978835978836
757.0 -0.1334214002642008
758.0 -0.1345646437994723
759.0 -0.13306982872200263
760.0 -0.13421052631578947
761.0 -0.1340341655716163
762.0 -0.1325459317585302
763.0 -0.1310615989515072
764.0 -0.12958115183246074
765.0 -0.13071895424836602
766.0 -0.12924281984334204
767.0 -0.12777053455019557
768.0 -0.12890625
769.0 -0.13003901170351106
770.0 -0.13116883116883116
771.0 -0.13229571984435798
772.0 -0.133419689119171
773.0 -0.13454075032341525
774.0 -0.13565891472868216
775.0 -0.13419354838709677
776.0 -0.13402061855670103
777.0 -0.13513513513513514
778.0 -0.13624678663239073
779.0 -0.13607188703465983
780.0 -0.1371794871794872
781.0 -0.1382842509603073
782.0 -0.13682864450127877
783.0 -0.13793103448275862
784.0 -0.1364795918367347
785.0 -0.1375796178343949
786.0 -0.1361323155216285
787.0 -0.13468869123252858
788.0 -0.13324873096446702
789.0 -0.13434727503168567
790.0 -0.13544303797468354
791.0 -0.13400758533501897
792.0 -0.13257575757575757
793.0 -0.13114754098360656
794.0 -0.13224181360201512
795.0 -0.1320754716981132
796.0 -0.1306532663316583
797.0 -0.13174404015056462
798.0 -0.13283208020050125
799.0 -0.13391739674593242
800.0 -0.13375
801.0 -0.132334581772784
802.0 -0.13092269326683292
803.0 -0.1320049813200498
804.0 -0.13308457711442787
805.0 -0.1341614906832298
806.0 -0.13399503722084366
807.0 -0.1325898389095415
808.0 -0.1311881188118812
809.0 -0.12978986402966625
810.0 -0.1308641975308642
811.0 -0.13070283600493218
812.0 -0.12931034482758622
813.0 -0.13038130381303814
814.0 -0.128992628992629
815.0 -0.13006134969325153
816.0 -0.13112745098039216
817.0 -0.12974296205630356
818.0 -0.13080684596577016
819.0 -0.13064713064713065
820.0 -0.13170731707317074
821.0 -0.13276492082825822
822.0 -0.13138686131386862
823.0 -0.1324422843256379
824.0 -0.13106796116504854
825.0 -0.1321212121212121
826.0 -0.13317191283292978
827.0 -0.13422007255139057
828.0 -0.13285024154589373
829.0 -0.1338962605548854
830.0 -0.13373493975903614
831.0 -0.13237063778580024
832.0 -0.1310096153846154
833.0 -0.13205282112845138
834.0 -0.13189448441247004
835.0 -0.13293413173652693
836.0 -0.13157894736842105
837.0 -0.13261648745519714
838.0 -0.1324582338902148
839.0 -0.133492252681764
840.0 -0.13452380952380952
841.0 -0.13317479191438764
842.0 -0.1330166270783848
843.0 -0.13167259786476868
844.0 -0.13270142180094788
845.0 -0.13372781065088757
846.0 -0.1347517730496454
847.0 -0.1334120425029516
848.0 -0.13443396226415094
849.0 -0.1330977620730271
850.0 -0.13411764705882354
851.0 -0.13278495887191538
852.0 -0.13380281690140844
853.0 -0.13481828839390386
854.0 -0.1358313817330211
855.0 -0.13567251461988303
856.0 -0.13434579439252337
857.0 -0.1353558926487748
858.0 -0.13636363636363635
859.0 -0.13736903376018628
860.0 -0.13604651162790699
861.0 -0.13704994192799072
862.0 -0.1357308584686775
863.0 -0.13673232908458866
864.0 -0.13541666666666666
865.0 -0.13410404624277455
866.0 -0.1351039260969977
867.0 -0.13379469434832755
868.0 -0.1347926267281106
869.0 -0.13578826237054084
870.0 -0.13448275862068965
871.0 -0.1354764638346728
872.0 -0.13646788990825687
873.0 -0.13745704467353953
874.0 -0.13615560640732266
875.0 -0.13485714285714287
876.0 -0.1358447488584475
877.0 -0.1345496009122007
878.0 -0.13553530751708429
879.0 -0.13651877133105803
880.0 -0.13522727272727272
881.0 -0.1362088535754824
882.0 -0.13718820861678005
883.0 -0.13816534541336353
884.0 -0.13914027149321267
885.0 -0.1401129943502825
886.0 -0.14108352144469527
887.0 -0.14205186020293123
888.0 -0.14076576576576577
889.0 -0.14173228346456693
890.0 -0.14269662921348314
891.0 -0.1414141414141414
892.0 -0.14013452914798205
893.0 -0.14109742441209405
894.0 -0.14205816554809844
895.0 -0.1430167597765363
896.0 -0.14174107142857142
897.0 -0.1426978818283166
898.0 -0.14365256124721604
899.0 -0.1446051167964405
900.0 -0.14555555555555555
901.0 -0.146503884572697
902.0 -0.14745011086474502
903.0 -0.14839424141749724
904.0 -0.14712389380530974
905.0 -0.14806629834254142
906.0 -0.1490066225165563
907.0 -0.14773980154355015
908.0 -0.1486784140969163
909.0 -0.1496149614961496
910.0 -0.15054945054945054
911.0 -0.15148188803512624
912.0 -0.1524122807017544
913.0 -0.1511500547645126
914.0 -0.15098468271334792
915.0 -0.15191256830601094
916.0 -0.15065502183406113
917.0 -0.1515812431842966
918.0 -0.15250544662309368
919.0 -0.15342763873775844
920.0 -0.15217391304347827
921.0 -0.15092290988056462
922.0 -0.15184381778741865
923.0 -0.15276273022751896
924.0 -0.15151515151515152
925.0 -0.15027027027027026
926.0 -0.1490280777537797
927.0 -0.14778856526429343
928.0 -0.14870689655172414
929.0 -0.147470398277718
930.0 -0.14838709677419354
931.0 -0.14930182599355532
932.0 -0.15021459227467812
933.0 -0.1489817792068596
934.0 -0.14989293361884368
935.0 -0.15080213903743314
936.0 -0.15064102564102563
937.0 -0.14941302027748132
938.0 -0.14818763326226012
939.0 -0.14696485623003194
940.0 -0.14574468085106382
941.0 -0.14452709883103082
942.0 -0.1454352441613588
943.0 -0.14422057264050903
944.0 -0.1430084745762712
945.0 -0.14179894179894179
946.0 -0.1427061310782241
947.0 -0.14149947201689547
948.0 -0.14029535864978904
949.0 -0.14120126448893572
950.0 -0.14
951.0 -0.14090431125131442
952.0 -0.14180672268907563
953.0 -0.14270724029380902
954.0 -0.14150943396226415
955.0 -0.1424083769633508
956.0 -0.1412133891213389
957.0 -0.1400208986415883
958.0 -0.1409185803757829
959.0 -0.14181438998957246
960.0 -0.14270833333333333
961.0 -0.14360041623309053
962.0 -0.1444906444906445
963.0 -0.14537902388369678
964.0 -0.1441908713692946
965.0 -0.14300518134715026
966.0 -0.14389233954451347
967.0 -0.14270941054808686
968.0 -0.1415289256198347
969.0 -0.14241486068111456
970.0 -0.14329896907216494
971.0 -0.14212152420185376
972.0 -0.14094650205761317
973.0 -0.14182939362795477
974.0 -0.14271047227926079
975.0 -0.14153846153846153
976.0 -0.1403688524590164
977.0 -0.14124872057318322
978.0 -0.14008179959100203
979.0 -0.13891726251276812
980.0 -0.13877551020408163
981.0 -0.13761467889908258
982.0 -0.1364562118126273
983.0 -0.1363173957273652
984.0 -0.13719512195121952
985.0 -0.13807106598984772
986.0 -0.13691683569979715
987.0 -0.13779128672745694
988.0 -0.13866396761133604
989.0 -0.13751263902932254
990.0 -0.13636363636363635
991.0 -0.13521695257315844
992.0 -0.13608870967741934
993.0 -0.13695871097683787
994.0 -0.13782696177062373
995.0 -0.13869346733668342
996.0 -0.1395582329317269
997.0 -0.14042126379137412
998.0 -0.14128256513026052
999.0 -0.14214214214214213
1000.0 -0.143
